[{"sample_cam_extrinsics": [[[1.0, 0.0, 0.0, 0.0], [0.0, 1.0, 0.0, 0.0], [0.0, 0.0, 1.0, 1.0]], [[-0.6281736493110657, 0.0, -0.7780731916427612, -0.7780731916427612], [0.0, 1.0, 0.0, 0.0], [0.7780731916427612, 0.0, -0.6281736493110657, -0.6281736493110657]], [[0.07073719799518585, 0.0, -0.9974949955940247, -0.9974949955940247], [-0.0, 1.0, 0.0, 0.0], [0.9974949955940247, 0.0, 0.07073719799518585, 0.07073719799518585]], [[0.731688916683197, 0.0, -0.681638777256012, -0.681638777256012], [-0.0, 1.0, 0.0, 0.0], [0.681638777256012, 0.0, 0.731688916683197, 0.731688916683197]], [[0.731688916683197, -0.0, 0.681638777256012, 0.681638777256012], [0.0, 1.0, 0.0, 0.0], [-0.681638777256012, 0.0, 0.731688916683197, 0.731688916683197]], [[0.07073719799518585, -0.0, 0.9974949955940247, 0.9974949955940247], [0.0, 1.0, 0.0, 0.0], [-0.9974949955940247, 0.0, 0.07073719799518585, 0.07073719799518585]], [[-0.6281736493110657, 0.0, 0.7780731916427612, 0.7780731916427612], [0.0, 1.0, 0.0, 0.0], [-0.7780731916427612, 0.0, -0.6281736493110657, -0.6281736493110657]], [[1.0, 0.0, 0.0, 0.0], [0.0, 0.4311765432357788, -0.902267575263977, -0.902267575263977], [-0.0, 0.902267575263977, 0.4311765432357788, 0.4311765432357788]], [[1.0, 0.0, 0.0, 0.0], [0.0, 0.731688916683197, -0.681638777256012, -0.681638777256012], [-0.0, 0.681638777256012, 0.731688916683197, 0.731688916683197]], [[1.0, 0.0, 0.0, 0.0], [0.0, 0.9305076599121094, -0.36627256870269775, -0.36627253890037537], [-0.0, 0.36627256870269775, 0.9305076599121094, 0.9305076003074646]], [[1.0, 0.0, 0.0, 0.0], [0.0, 0.9305076599121094, 0.36627256870269775, 0.36627253890037537], [0.0, -0.36627256870269775, 0.9305076599121094, 0.9305076003074646]], [[1.0, 0.0, 0.0, 0.0], [0.0, 0.731688916683197, 0.681638777256012, 0.681638777256012], [0.0, -0.681638777256012, 0.731688916683197, 0.731688916683197]], [[1.0, 0.0, 0.0, 0.0], [0.0, 0.4311765432357788, 0.902267575263977, 0.902267575263977], [0.0, -0.902267575263977, 0.4311765432357788, 0.4311765432357788]]], "sample_focals": [[[304.45965576171875]], [[304.45965576171875]], [[304.45965576171875]], [[304.45965576171875]], [[304.45965576171875]], [[304.45965576171875]], [[304.45965576171875]], [[304.45965576171875]], [[304.45965576171875]], [[304.45965576171875]], [[304.45965576171875]], [[304.45965576171875]], [[304.45965576171875]]], "sample_near": [[[0.8799999952316284]], [[0.8799999952316284]], [[0.8799999952316284]], [[0.8799999952316284]], [[0.8799999952316284]], [[0.8799999952316284]], [[0.8799999952316284]], [[0.8799999952316284]], [[0.8799999952316284]], [[0.8799999952316284]], [[0.8799999952316284]], [[0.8799999952316284]], [[0.8799999952316284]]], "sample_far": [[[1.1200000047683716]], [[1.1200000047683716]], [[1.1200000047683716]], [[1.1200000047683716]], [[1.1200000047683716]], [[1.1200000047683716]], [[1.1200000047683716]], [[1.1200000047683716]], [[1.1200000047683716]], [[1.1200000047683716]], [[1.1200000047683716]], [[1.1200000047683716]], [[1.1200000047683716]]], "sample_locations": [[0.0, 0.0], [-2.25, 0.0], [-1.5, 0.0], [-0.75, 0.0], [0.75, 0.0], [1.5, 0.0], [2.25, 0.0], [0.0, -1.125], [0.0, -0.75], [0.0, -0.375], [0.0, 0.375], [0.0, 0.75], [0.0, 1.125]]}]